1: [0, 6, 7, 10, 10, 1]
2: [2, 5, 1, 5, 1, 2]
3: [6, 10, 7, 1, 9, 1]
4: [10, 7, 4, 7, 1, 2]
5: [9, 0, 1, 2, 6, 2]
6: [2, 1, 10, 5, 7, 2]
7: [0, 7, 7, 9, 2, 1]
8: [3, 4, 4, 5, 7, 1]
9: [5, 10, 10, 0, 4, 1]
10: [9, 7, 8, 2, 7, 1]
11: [9, 1, 2, 4, 3, 1]
12: [2, 0, 0, 1, 3, 2]
13: [9, 5, 7, 6, 9, 2]
14: [6, 9, 7, 3, 7, 1]
15: [7, 3, 6, 10, 0, 2]
16: [10, 5, 6, 8, 9, 1]
17: [7, 3, 5, 2, 4, 1]
18: [0, 2, 8, 6, 6, 2]
19: [6, 7, 10, 9, 0, 1]
20: [1, 10, 7, 7, 2, 1]
21: [8, 9, 5, 3, 2, 1]
22: [0, 0, 0, 9, 3, 2]
23: [4, 3, 4, 2, 10, 1]
24: [10, 7, 8, 2, 5, 2]
25: [4, 9, 8, 5, 6, 1]
26: [6, 5, 3, 4, 4, 1]
27: [4, 1, 8, 9, 5, 2]
28: [6, 3, 0, 3, 3, 2]
29: [7, 8, 7, 7, 3, 1]
30: [2, 2, 9, 6, 7, 1]
31: [7, 9, 9, 10, 3, 1]
32: [8, 5, 9, 2, 9, 2]
33: [10, 9, 10, 0, 4, 2]
34: [1, 3, 5, 5, 10, 1]
35: [2, 1, 0, 6, 2, 2]
36: [4, 7, 10, 2, 1, 1]
37: [9, 2, 7, 7, 3, 2]
38: [7, 3, 3, 9, 2, 1]
39: [4, 6, 7, 4, 7, 2]
40: [2, 3, 5, 0, 9, 1]
41: [3, 2, 5, 0, 10, 2]
42: [2, 2, 6, 5, 6, 1]
43: [2, 0, 1, 7, 10, 1]
44: [1, 3, 9, 5, 6, 2]
45: [2, 2, 6, 8, 10, 1]
46: [8, 5, 3, 3, 0, 2]
47: [5, 10, 1, 1, 7, 2]
48: [7, 2, 6, 9, 0, 1]
49: [0, 9, 7, 0, 3, 2]
50: [4, 7, 10, 4, 3, 1]
51: [1, 7, 3, 7, 7, 1]
52: [10, 9, 1, 6, 1, 2]
53: [0, 6, 1, 2, 5, 2]
54: [0, 8, 4, 4, 4, 1]
55: [2, 3, 4, 3, 7, 2]
56: [6, 2, 0, 10, 4, 1]
57: [1, 5, 1, 10, 8, 1]
58: [3, 3, 2, 10, 7, 1]
59: [4, 4, 2, 8, 3, 1]
60: [3, 4, 1, 10, 6, 1]
61: [1, 8, 7, 6, 0, 1]
62: [8, 4, 5, 4, 1, 1]
63: [0, 7, 10, 9, 8, 2]
64: [8, 2, 8, 10, 0, 1]
65: [7, 10, 8, 7, 7, 2]
66: [5, 0, 7, 6, 5, 2]
67: [7, 8, 10, 3, 0, 2]
68: [4, 0, 3, 0, 5, 1]
69: [2, 10, 2, 1, 1, 2]
70: [7, 6, 1, 5, 6, 1]
71: [9, 3, 10, 10, 0, 2]
72: [0, 1, 10, 9, 3, 2]
73: [9, 7, 5, 3, 9, 1]
74: [4, 2, 8, 3, 1, 2]
75: [9, 7, 1, 5, 7, 1]
76: [10, 2, 4, 3, 6, 1]
77: [3, 2, 5, 5, 1, 1]
78: [8, 0, 9, 5, 10, 2]
79: [0, 1, 4, 9, 3, 1]
80: [8, 8, 10, 9, 6, 1]
81: [2, 6, 3, 0, 1, 1]
82: [3, 0, 8, 7, 2, 2]
83: [2, 2, 9, 10, 1, 1]
84: [10, 9, 6, 3, 10, 2]
85: [1, 0, 9, 7, 8, 1]
86: [7, 1, 2, 5, 5, 2]
87: [3, 0, 10, 5, 7, 2]
88: [7, 5, 8, 4, 4, 2]
89: [8, 10, 6, 7, 6, 2]
90: [4, 2, 4, 6, 10, 1]
91: [0, 9, 4, 4, 6, 1]
92: [7, 4, 0, 4, 6, 1]
93: [6, 5, 3, 5, 0, 1]
94: [8, 10, 4, 1, 10, 2]
95: [3, 1, 0, 3, 4, 2]
96: [2, 9, 2, 4, 8, 2]
97: [3, 2, 1, 9, 6, 1]
98: [5, 0, 4, 8, 5, 1]
99: [10, 10, 7, 5, 3, 2]
100: [6, 4, 3, 2, 4, 2]
101: [9, 10, 9, 3, 1, 1]
102: [8, 0, 6, 8, 2, 2]
103: [0, 5, 5, 7, 1, 1]
104: [3, 5, 3, 7, 1, 1]
105: [6, 8, 2, 1, 9, 1]
106: [5, 0, 10, 9, 6, 2]
107: [7, 10, 7, 6, 8, 1]
108: [6, 3, 1, 3, 4, 1]
109: [5, 10, 7, 4, 9, 2]
110: [3, 6, 2, 10, 5, 1]
111: [8, 6, 0, 7, 2, 2]
112: [1, 7, 3, 3, 7, 1]
113: [4, 4, 7, 5, 1, 2]
114: [9, 8, 4, 1, 6, 2]
115: [2, 0, 2, 3, 6, 1]
116: [9, 4, 0, 9, 8, 2]
117: [8, 6, 5, 3, 6, 1]
118: [10, 8, 2, 4, 7, 1]
119: [8, 7, 3, 0, 7, 1]
120: [3, 3, 5, 2, 4, 2]
121: [1, 9, 10, 9, 9, 2]
122: [10, 0, 1, 9, 8, 1]
123: [1, 1, 9, 4, 6, 2]
124: [7, 6, 4, 7, 2, 1]
125: [10, 1, 3, 2, 1, 1]
126: [0, 9, 6, 8, 7, 2]
127: [7, 1, 8, 4, 9, 2]
128: [9, 4, 5, 6, 0, 2]
129: [1, 4, 0, 1, 6, 2]
130: [4, 9, 2, 8, 3, 2]
131: [4, 3, 6, 1, 10, 1]
132: [2, 7, 6, 2, 2, 2]
133: [2, 7, 4, 8, 8, 1]
134: [3, 10, 6, 3, 8, 1]
135: [0, 1, 7, 4, 10, 2]
136: [6, 1, 10, 9, 9, 1]
137: [6, 1, 4, 7, 7, 1]
138: [8, 5, 6, 0, 6, 1]
139: [8, 5, 0, 5, 10, 1]
140: [3, 0, 3, 5, 10, 1]
141: [7, 10, 2, 9, 6, 1]
142: [3, 2, 3, 10, 4, 1]
143: [10, 8, 3, 3, 4, 2]
144: [5, 5, 8, 8, 7, 1]
145: [6, 6, 6, 1, 7, 1]
146: [1, 1, 0, 5, 9, 1]
147: [1, 3, 9, 10, 0, 2]
148: [3, 4, 5, 2, 5, 2]
149: [6, 8, 10, 9, 4, 2]
150: [5, 1, 2, 1, 9, 1]
151: [4, 2, 0, 5, 7, 2]
152: [10, 3, 3, 0, 3, 2]
153: [0, 5, 6, 0, 6, 1]
154: [8, 1, 5, 8, 8, 1]
155: [3, 9, 10, 2, 0, 1]
156: [8, 7, 4, 2, 2, 2]
157: [9, 4, 6, 6, 4, 2]
158: [1, 10, 2, 2, 4, 2]
159: [9, 5, 0, 5, 5, 1]
160: [0, 9, 4, 10, 4, 1]
161: [10, 4, 5, 1, 10, 1]
162: [0, 7, 10, 8, 3, 2]
163: [5, 3, 4, 4, 4, 2]
164: [6, 9, 6, 5, 5, 1]
165: [0, 2, 7, 0, 3, 1]
166: [2, 6, 10, 2, 4, 2]
167: [6, 7, 5, 9, 0, 1]
168: [9, 1, 0, 3, 5, 1]
169: [7, 5, 10, 8, 5, 2]
170: [0, 0, 5, 10, 4, 2]
171: [9, 10, 5, 8, 2, 2]
172: [0, 10, 1, 0, 6, 2]
173: [10, 5, 6, 0, 1, 1]
174: [6, 0, 8, 8, 8, 1]
175: [1, 10, 4, 8, 9, 2]
176: [0, 3, 3, 4, 0, 2]
177: [10, 0, 5, 3, 5, 2]
178: [1, 5, 1, 3, 3, 2]
179: [8, 2, 6, 6, 9, 1]
180: [7, 1, 9, 10, 0, 1]
181: [10, 8, 7, 4, 3, 1]
182: [5, 9, 9, 5, 7, 1]
183: [2, 5, 6, 9, 3, 2]
184: [6, 4, 8, 6, 4, 1]
185: [3, 10, 1, 8, 7, 1]
186: [7, 1, 2, 0, 0, 1]
187: [2, 8, 7, 3, 3, 1]
188: [6, 2, 8, 5, 4, 2]
189: [9, 0, 7, 10, 0, 2]
190: [10, 2, 2, 9, 2, 1]
191: [5, 3, 9, 1, 2, 2]
192: [7, 3, 10, 4, 7, 1]
193: [1, 10, 7, 7, 1, 2]
194: [7, 5, 9, 0, 8, 2]
195: [9, 10, 10, 1, 9, 2]
196: [2, 7, 6, 3, 5, 2]
197: [1, 5, 0, 9, 8, 2]
198: [0, 1, 7, 0, 5, 1]
199: [3, 4, 8, 8, 2, 1]
200: [1, 2, 6, 0, 4, 1]
201: [7, 5, 1, 3, 9, 1]
202: [10, 9, 9, 0, 0, 2]
203: [5, 1, 6, 7, 2, 2]
204: [10, 10, 9, 8, 9, 1]
205: [9, 9, 9, 4, 2, 1]
206: [4, 1, 9, 9, 5, 2]
207: [2, 9, 2, 2, 10, 1]
208: [1, 2, 5, 8, 10, 1]
209: [2, 3, 6, 7, 0, 1]
210: [6, 7, 4, 2, 1, 2]
211: [9, 10, 0, 7, 4, 1]
212: [9, 7, 0, 9, 1, 2]
213: [7, 1, 1, 9, 1, 1]
214: [0, 8, 3, 0, 4, 2]
215: [0, 5, 1, 3, 2, 1]
216: [0, 5, 1, 3, 10, 2]
217: [3, 0, 5, 5, 6, 2]
218: [1, 4, 3, 7, 5, 1]
219: [3, 2, 6, 0, 7, 2]
220: [9, 7, 7, 9, 8, 1]
221: [8, 6, 0, 0, 4, 2]
222: [9, 1, 2, 5, 10, 1]
223: [6, 9, 9, 9, 5, 1]
224: [7, 9, 0, 1, 10, 2]
225: [8, 3, 7, 10, 5, 2]
226: [6, 1, 10, 0, 10, 1]
227: [2, 6, 2, 9, 6, 1]
228: [9, 4, 10, 9, 6, 2]
229: [1, 9, 7, 5, 1, 2]
230: [6, 1, 8, 2, 6, 1]
231: [2, 10, 0, 1, 6, 1]
232: [8, 9, 8, 1, 5, 2]
233: [3, 7, 3, 8, 9, 1]
234: [4, 7, 1, 8, 10, 2]
235: [4, 5, 1, 8, 9, 1]
236: [7, 5, 4, 0, 3, 1]
237: [10, 1, 10, 6, 3, 1]
238: [7, 0, 2, 3, 10, 2]
239: [5, 4, 8, 4, 4, 2]
240: [0, 6, 1, 4, 4, 2]
241: [3, 10, 4, 3, 5, 1]
242: [4, 5, 9, 6, 6, 2]
243: [2, 1, 8, 8, 9, 1]
244: [7, 3, 8, 4, 5, 1]
245: [7, 1, 8, 6, 8, 2]
246: [0, 3, 4, 8, 4, 2]
247: [4, 2, 10, 4, 1, 2]
248: [5, 4, 3, 2, 7, 2]
249: [9, 6, 2, 8, 9, 2]
250: [3, 4, 5, 3, 10, 2]
251: [3, 9, 3, 6, 4, 2]
252: [10, 7, 5, 5, 7, 2]
253: [5, 10, 4, 7, 2, 2]
254: [1, 6, 4, 0, 10, 2]
255: [3, 2, 4, 6, 5, 2]
256: [0, 6, 9, 5, 6, 1]
257: [0, 4, 0, 1, 5, 2]
258: [9, 3, 2, 8, 2, 1]
259: [3, 8, 8, 9, 4, 2]
260: [2, 3, 6, 2, 7, 1]
261: [9, 1, 4, 1, 4, 2]
262: [6, 4, 10, 10, 7, 2]
263: [2, 9, 6, 2, 3, 1]
264: [7, 9, 9, 1, 8, 1]
265: [2, 3, 1, 6, 7, 1]
266: [0, 8, 9, 6, 5, 1]
267: [3, 4, 6, 1, 2, 1]
268: [7, 6, 7, 9, 0, 1]
269: [6, 2, 2, 4, 5, 1]
270: [2, 6, 8, 3, 3, 1]
271: [7, 4, 10, 9, 2, 2]
272: [5, 1, 0, 2, 6, 2]
273: [3, 3, 5, 7, 1, 1]
274: [1, 10, 4, 0, 1, 1]
275: [6, 0, 1, 4, 2, 2]
276: [3, 3, 2, 9, 9, 2]
277: [4, 3, 8, 5, 3, 2]
278: [4, 2, 2, 4, 9, 2]
279: [1, 7, 9, 2, 3, 1]
280: [0, 5, 2, 4, 0, 2]
281: [2, 5, 4, 3, 2, 1]
282: [4, 8, 4, 9, 0, 2]
283: [1, 10, 3, 0, 4, 1]
284: [1, 4, 5, 5, 3, 1]
285: [8, 1, 6, 7, 0, 2]
286: [2, 0, 4, 3, 2, 1]
287: [1, 2, 5, 10, 10, 2]
288: [8, 8, 4, 0, 4, 2]
289: [8, 1, 4, 3, 10, 1]
290: [10, 6, 0, 4, 5, 2]
291: [9, 3, 0, 4, 4, 2]
292: [8, 9, 4, 9, 5, 1]
293: [4, 2, 6, 1, 3, 1]
294: [7, 8, 10, 1, 10, 1]
295: [7, 5, 10, 2, 7, 1]
296: [7, 8, 1, 2, 7, 1]
297: [5, 2, 1, 4, 1, 1]
298: [0, 8, 3, 4, 10, 1]
299: [8, 3, 3, 5, 1, 2]
300: [8, 10, 0, 9, 10, 2]
301: [10, 10, 6, 1, 9, 2]
302: [1, 3, 8, 8, 0, 1]
303: [4, 4, 0, 2, 2, 1]
304: [9, 3, 3, 0, 9, 2]
305: [5, 1, 1, 8, 2, 1]
306: [5, 1, 6, 8, 7, 1]
307: [8, 4, 8, 0, 6, 2]
308: [10, 4, 10, 5, 8, 1]
309: [10, 9, 4, 5, 10, 2]
310: [7, 10, 6, 8, 8, 1]
311: [2, 6, 1, 4, 0, 2]
312: [10, 8, 2, 2, 3, 1]
313: [5, 3, 6, 5, 7, 2]
314: [3, 1, 3, 1, 2, 2]
315: [5, 6, 9, 6, 8, 1]
316: [9, 8, 5, 0, 0, 1]
317: [10, 2, 4, 5, 2, 2]
318: [8, 5, 6, 2, 3, 2]
319: [6, 8, 4, 6, 5, 1]
320: [0, 2, 1, 4, 5, 2]
321: [9, 1, 2, 4, 7, 2]
322: [9, 2, 7, 1, 6, 1]
323: [9, 10, 7, 7, 2, 1]
324: [4, 9, 3, 3, 4, 1]
325: [9, 7, 3, 6, 6, 2]
326: [3, 9, 9, 4, 3, 2]
327: [2, 4, 6, 4, 3, 2]
328: [5, 2, 1, 3, 4, 1]
329: [6, 3, 9, 6, 0, 2]
330: [3, 8, 5, 3, 3, 1]
331: [7, 2, 5, 3, 9, 1]
332: [5, 5, 2, 2, 8, 2]
333: [1, 8, 4, 10, 3, 2]
334: [10, 7, 1, 8, 10, 2]
335: [3, 8, 2, 5, 3, 2]
336: [1, 5, 10, 9, 8, 1]
337: [5, 2, 8, 1, 1, 2]
338: [5, 5, 0, 6, 0, 2]
339: [4, 9, 6, 3, 6, 1]
340: [6, 4, 0, 2, 2, 2]
341: [8, 1, 6, 3, 10, 2]
342: [5, 8, 4, 9, 5, 1]
343: [1, 3, 7, 8, 4, 2]
344: [9, 4, 10, 7, 2, 2]
345: [0, 6, 8, 3, 10, 1]
346: [8, 9, 8, 8, 3, 2]
347: [5, 4, 1, 7, 10, 2]
348: [9, 3, 2, 8, 1, 1]
349: [3, 4, 4, 4, 9, 1]
350: [4, 2, 3, 4, 10, 1]
351: [4, 7, 4, 8, 10, 2]
352: [9, 4, 6, 10, 3, 1]
353: [8, 4, 1, 10, 2, 2]
354: [6, 7, 2, 2, 2, 1]
355: [10, 1, 4, 0, 9, 1]
356: [10, 1, 3, 0, 1, 2]
357: [0, 10, 4, 10, 1, 1]
358: [9, 9, 9, 2, 0, 1]
359: [8, 9, 7, 5, 0, 1]
360: [2, 1, 4, 3, 7, 2]
361: [1, 4, 6, 1, 7, 1]
362: [10, 6, 10, 0, 1, 1]
363: [3, 7, 4, 9, 3, 1]
364: [6, 2, 6, 4, 1, 2]
365: [2, 2, 8, 5, 9, 2]
366: [10, 10, 5, 9, 2, 2]
367: [4, 2, 1, 5, 3, 1]
368: [3, 7, 10, 6, 3, 1]
369: [5, 9, 0, 4, 1, 1]
370: [2, 10, 5, 0, 8, 1]
371: [1, 9, 1, 1, 4, 2]
372: [0, 1, 8, 4, 8, 2]
373: [8, 4, 4, 1, 1, 1]
374: [4, 9, 4, 4, 0, 2]
375: [8, 2, 6, 10, 2, 1]
376: [9, 9, 8, 0, 9, 2]
377: [5, 9, 9, 1, 3, 1]
378: [2, 6, 9, 0, 2, 1]
379: [2, 0, 7, 7, 4, 2]
380: [0, 1, 10, 4, 8, 2]
381: [6, 5, 7, 4, 7, 1]
382: [2, 8, 8, 8, 3, 1]
383: [6, 3, 3, 5, 5, 1]
384: [5, 5, 4, 4, 7, 2]
385: [5, 1, 8, 3, 9, 2]
386: [9, 7, 9, 8, 1, 1]
387: [5, 10, 7, 1, 9, 2]
388: [4, 7, 6, 1, 10, 1]
389: [0, 1, 7, 5, 10, 1]
390: [3, 6, 8, 6, 3, 1]
391: [3, 6, 10, 1, 0, 1]
392: [2, 4, 0, 9, 8, 1]
393: [1, 0, 0, 4, 2, 1]
394: [7, 0, 8, 4, 7, 2]
395: [7, 7, 8, 3, 6, 1]
396: [7, 3, 0, 9, 5, 2]
397: [7, 2, 7, 9, 7, 2]
398: [5, 4, 6, 2, 0, 1]
399: [5, 1, 0, 2, 1, 1]
400: [4, 1, 5, 6, 6, 2]
401: [7, 1, 0, 8, 3, 1]
402: [8, 1, 8, 7, 4, 2]
403: [8, 9, 1, 10, 7, 2]
404: [4, 5, 4, 9, 0, 2]
405: [10, 3, 4, 10, 6, 1]
406: [1, 1, 10, 8, 0, 2]
407: [5, 6, 10, 9, 7, 2]
408: [4, 4, 8, 3, 6, 2]
409: [6, 7, 3, 4, 2, 1]
410: [4, 4, 2, 5, 5, 2]
411: [3, 1, 9, 9, 8, 1]
412: [2, 5, 8, 2, 0, 1]
413: [5, 0, 4, 9, 4, 2]
414: [6, 1, 5, 5, 6, 1]
415: [7, 0, 10, 8, 0, 2]
416: [0, 10, 1, 4, 5, 1]
417: [3, 10, 0, 9, 8, 2]
418: [2, 0, 8, 10, 3, 2]
419: [9, 7, 2, 10, 2, 2]
420: [6, 4, 9, 6, 4, 1]
421: [0, 6, 8, 9, 1, 1]
422: [4, 9, 9, 9, 8, 1]
423: [1, 1, 7, 0, 10, 1]
424: [0, 8, 6, 5, 3, 2]
425: [10, 3, 7, 1, 3, 2]
426: [7, 7, 7, 1, 9, 1]
427: [7, 4, 3, 7, 5, 2]
428: [0, 1, 8, 3, 8, 1]
429: [9, 0, 2, 4, 2, 2]
430: [2, 7, 4, 5, 8, 2]
431: [4, 1, 6, 9, 10, 1]
432: [2, 10, 2, 5, 5, 1]
433: [8, 6, 4, 2, 4, 1]
434: [10, 6, 8, 9, 9, 2]
435: [1, 8, 5, 9, 7, 2]
436: [4, 8, 0, 8, 0, 2]
437: [2, 4, 1, 7, 6, 1]
438: [9, 6, 0, 6, 2, 2]
439: [5, 10, 1, 9, 9, 1]
440: [4, 2, 8, 8, 3, 1]
441: [1, 6, 1, 8, 0, 1]
442: [2, 3, 5, 7, 6, 1]
443: [7, 8, 7, 7, 4, 2]
444: [1, 5, 5, 9, 7, 1]
445: [10, 3, 7, 10, 9, 1]
446: [6, 5, 5, 2, 7, 2]
447: [5, 6, 7, 7, 10, 1]
448: [2, 7, 0, 1, 0, 1]
449: [0, 7, 0, 8, 1, 1]
450: [2, 6, 1, 4, 3, 2]
451: [4, 0, 5, 10, 3, 2]
452: [0, 0, 2, 6, 10, 2]
453: [2, 5, 9, 7, 9, 1]
454: [5, 9, 2, 9, 7, 2]
455: [0, 2, 5, 7, 7, 2]
456: [4, 6, 9, 6, 1, 1]
457: [5, 0, 2, 10, 8, 2]
458: [9, 5, 10, 9, 3, 1]
459: [2, 6, 3, 8, 8, 2]
460: [7, 5, 3, 7, 10, 2]
461: [5, 7, 5, 4, 9, 2]
462: [8, 10, 1, 5, 8, 1]
463: [9, 3, 2, 5, 4, 2]
464: [7, 5, 8, 1, 9, 1]
465: [9, 3, 7, 5, 10, 1]
466: [4, 1, 4, 8, 0, 1]
467: [10, 0, 4, 1, 0, 2]
468: [8, 1, 10, 0, 3, 2]
469: [6, 4, 9, 4, 0, 2]
470: [0, 7, 10, 4, 7, 2]
471: [9, 1, 2, 5, 1, 1]
472: [5, 3, 9, 4, 10, 1]
473: [0, 5, 10, 4, 4, 2]
474: [1, 10, 4, 1, 4, 1]
475: [4, 9, 6, 9, 1, 2]
476: [6, 4, 0, 3, 6, 1]
477: [5, 0, 8, 6, 3, 2]
478: [7, 3, 9, 3, 4, 2]
479: [5, 6, 8, 4, 1, 1]
480: [4, 1, 2, 8, 7, 2]
481: [4, 8, 1, 4, 5, 2]
482: [5, 6, 2, 8, 9, 1]
483: [5, 5, 1, 0, 3, 1]
484: [7, 8, 3, 4, 2, 1]
485: [7, 7, 9, 8, 7, 2]
486: [7, 3, 0, 3, 3, 2]
487: [7, 8, 6, 6, 6, 2]
488: [10, 4, 10, 6, 8, 2]
489: [0, 1, 6, 6, 9, 2]
490: [2, 5, 6, 2, 2, 2]
491: [6, 0, 4, 4, 6, 2]
492: [5, 10, 4, 1, 9, 1]
493: [9, 0, 0, 3, 10, 2]
494: [3, 6, 5, 3, 2, 2]
495: [2, 6, 4, 2, 5, 1]
496: [6, 1, 8, 2, 7, 1]
497: [7, 5, 2, 9, 1, 2]
498: [10, 5, 1, 1, 7, 1]
499: [4, 8, 7, 6, 8, 2]
500: [10, 0, 5, 0, 4, 2]
501: [8, 3, 3, 1, 7, 2]
502: [2, 3, 6, 2, 9, 2]
503: [5, 10, 0, 0, 4, 1]
504: [5, 6, 0, 10, 6, 1]
505: [2, 4, 1, 3, 0, 1]
506: [4, 9, 1, 10, 6, 2]
507: [0, 9, 10, 8, 9, 1]
508: [5, 2, 10, 8, 5, 2]
509: [7, 10, 6, 6, 8, 2]
510: [9, 0, 5, 2, 7, 2]
511: [7, 3, 4, 3, 2, 1]
512: [3, 3, 1, 5, 5, 1]
513: [2, 3, 8, 2, 4, 1]
514: [5, 1, 8, 2, 8, 2]
515: [3, 0, 2, 8, 5, 2]
516: [7, 3, 8, 4, 1, 2]
517: [3, 3, 0, 5, 5, 1]
518: [7, 0, 7, 5, 7, 1]
519: [9, 3, 2, 6, 9, 1]
520: [2, 3, 1, 2, 8, 2]
521: [7, 8, 0, 8, 0, 1]
522: [10, 2, 6, 2, 0, 2]
523: [4, 9, 4, 6, 5, 1]
524: [4, 0, 5, 4, 9, 1]
525: [10, 9, 4, 4, 6, 1]
526: [6, 9, 0, 5, 10, 1]
527: [9, 6, 1, 1, 2, 1]
528: [2, 0, 2, 6, 3, 2]
529: [8, 4, 4, 5, 8, 2]
530: [7, 5, 3, 7, 10, 2]
531: [9, 9, 5, 7, 7, 1]
532: [3, 5, 9, 0, 2, 1]
533: [9, 4, 8, 8, 5, 2]
534: [7, 7, 5, 1, 10, 1]
535: [5, 7, 7, 6, 4, 1]
536: [0, 6, 9, 8, 8, 1]
537: [8, 5, 6, 10, 3, 1]
538: [0, 6, 8, 10, 10, 1]
539: [6, 8, 7, 8, 4, 1]
540: [8, 2, 8, 10, 10, 1]
541: [1, 5, 0, 4, 9, 1]
542: [10, 8, 2, 3, 0, 1]
543: [1, 1, 10, 3, 8, 1]
544: [8, 10, 3, 5, 0, 1]
545: [5, 2, 1, 6, 8, 1]
546: [3, 9, 4, 0, 5, 2]
547: [4, 4, 2, 2, 2, 1]
548: [4, 1, 2, 4, 4, 2]
549: [0, 0, 6, 8, 5, 2]
550: [8, 6, 6, 7, 2, 2]
551: [9, 4, 2, 4, 7, 2]
552: [3, 6, 0, 2, 8, 1]
553: [6, 8, 4, 4, 0, 1]
554: [5, 3, 9, 6, 2, 2]
555: [8, 5, 4, 4, 4, 2]
556: [7, 7, 9, 6, 10, 1]
557: [9, 9, 5, 8, 3, 2]
558: [3, 8, 6, 4, 3, 1]
559: [6, 4, 6, 2, 10, 2]
560: [5, 0, 9, 2, 0, 1]
561: [6, 5, 2, 8, 10, 2]
562: [7, 6, 8, 7, 0, 2]
563: [0, 10, 2, 6, 9, 2]
564: [2, 6, 4, 4, 7, 1]
565: [2, 3, 9, 9, 3, 2]
566: [2, 8, 0, 2, 2, 2]
567: [8, 0, 4, 5, 9, 2]
568: [2, 2, 6, 1, 2, 2]
569: [4, 9, 6, 10, 1, 2]
570: [7, 2, 8, 0, 8, 1]
571: [5, 6, 5, 1, 4, 2]
572: [0, 4, 5, 1, 7, 2]
573: [3, 3, 10, 9, 9, 2]
574: [9, 9, 8, 4, 8, 2]
575: [2, 8, 4, 1, 6, 2]
576: [4, 5, 2, 7, 9, 2]
577: [9, 3, 0, 3, 1, 1]
578: [7, 4, 8, 9, 6, 1]
579: [9, 8, 6, 10, 7, 1]
580: [1, 4, 5, 4, 1, 2]
581: [10, 4, 0, 10, 2, 2]
582: [9, 6, 6, 10, 3, 2]
583: [6, 5, 10, 3, 1, 1]
584: [10, 4, 1, 2, 2, 1]
585: [6, 5, 10, 7, 8, 2]
586: [5, 2, 7, 2, 0, 1]
587: [8, 1, 8, 5, 0, 1]
588: [9, 2, 1, 7, 8, 1]
589: [9, 10, 0, 9, 3, 2]
590: [7, 3, 9, 10, 8, 2]
591: [4, 9, 0, 2, 9, 1]
592: [9, 7, 6, 4, 0, 2]
593: [10, 7, 10, 8, 6, 1]
594: [10, 10, 0, 5, 6, 1]
595: [1, 2, 4, 4, 10, 1]
596: [10, 3, 8, 10, 4, 1]
597: [7, 6, 9, 1, 4, 2]
598: [5, 9, 0, 3, 10, 2]
599: [0, 10, 7, 4, 8, 2]
600: [7, 4, 3, 4, 2, 2]
601: [5, 5, 8, 3, 10, 1]
602: [6, 2, 1, 7, 4, 2]
603: [5, 0, 1, 6, 7, 1]
604: [7, 5, 5, 10, 6, 1]
605: [7, 1, 1, 3, 3, 2]
606: [4, 9, 1, 9, 0, 1]
607: [8, 10, 7, 10, 0, 1]
608: [5, 9, 4, 3, 7, 1]
609: [1, 2, 0, 0, 10, 2]
610: [4, 9, 9, 5, 1, 2]
611: [4, 2, 10, 4, 1, 1]
612: [9, 0, 3, 9, 5, 1]
613: [4, 0, 5, 2, 4, 2]
614: [6, 7, 6, 6, 3, 1]
615: [8, 6, 3, 6, 5, 2]
616: [2, 4, 3, 8, 2, 1]
617: [0, 3, 9, 2, 2, 2]
618: [4, 2, 4, 0, 8, 1]
619: [0, 0, 10, 5, 3, 2]
620: [1, 8, 1, 8, 0, 2]
621: [2, 0, 3, 9, 10, 1]
622: [3, 2, 5, 1, 3, 1]
623: [10, 7, 7, 7, 3, 1]
624: [6, 2, 7, 4, 10, 1]
625: [3, 8, 4, 8, 8, 2]
626: [6, 2, 1, 9, 9, 2]
627: [7, 2, 4, 4, 4, 1]
628: [4, 5, 1, 9, 4, 2]
629: [4, 3, 8, 5, 0, 1]
630: [8, 0, 9, 5, 1, 2]
631: [1, 7, 4, 6, 3, 1]
632: [5, 10, 2, 8, 5, 2]
633: [7, 0, 4, 3, 2, 1]
634: [5, 1, 2, 6, 8, 2]
635: [8, 9, 1, 9, 9, 2]
636: [7, 5, 7, 0, 8, 1]
637: [7, 9, 4, 6, 3, 1]
638: [9, 1, 1, 9, 8, 2]
639: [3, 6, 8, 0, 10, 2]
640: [1, 6, 2, 7, 0, 1]
641: [10, 2, 9, 8, 0, 1]
642: [3, 7, 5, 9, 1, 1]
643: [10, 6, 3, 3, 8, 2]
644: [0, 2, 7, 1, 3, 1]
645: [2, 3, 0, 7, 1, 2]
646: [1, 3, 1, 3, 3, 1]
647: [4, 2, 1, 4, 6, 2]
648: [9, 8, 2, 7, 9, 1]
649: [0, 8, 9, 0, 5, 2]
650: [10, 9, 1, 9, 7, 1]
651: [2, 4, 2, 2, 6, 2]
652: [7, 3, 9, 6, 1, 2]
653: [9, 10, 10, 5, 10, 1]
654: [9, 7, 7, 0, 8, 2]
655: [7, 4, 1, 5, 9, 1]
656: [9, 2, 6, 4, 1, 2]
657: [10, 4, 1, 9, 4, 2]
658: [1, 7, 0, 4, 9, 2]
659: [0, 1, 8, 6, 6, 2]
660: [10, 10, 4, 6, 8, 1]
661: [4, 3, 7, 5, 2, 1]
662: [4, 1, 2, 9, 10, 2]
663: [6, 10, 0, 1, 3, 1]
664: [4, 8, 9, 7, 4, 2]
665: [7, 7, 5, 6, 4, 1]
666: [1, 1, 9, 6, 2, 2]
667: [5, 5, 2, 0, 8, 2]
668: [6, 9, 8, 6, 7, 1]
669: [1, 2, 4, 9, 1, 2]
670: [10, 8, 0, 0, 3, 1]
671: [2, 2, 10, 10, 4, 2]
672: [1, 10, 0, 10, 3, 2]
673: [1, 1, 4, 4, 6, 1]
674: [2, 6, 4, 10, 4, 2]
675: [5, 10, 7, 3, 4, 1]
676: [7, 0, 5, 1, 2, 1]
677: [8, 1, 9, 1, 6, 2]
678: [5, 7, 0, 0, 0, 1]
679: [9, 5, 10, 7, 5, 2]
680: [1, 8, 10, 0, 4, 1]
681: [10, 0, 7, 0, 4, 2]
682: [4, 1, 5, 5, 3, 1]
683: [3, 7, 1, 7, 1, 1]
684: [9, 2, 7, 8, 7, 1]
685: [8, 2, 8, 10, 3, 1]
686: [6, 5, 9, 1, 7, 2]
687: [4, 10, 2, 6, 3, 1]
688: [1, 3, 9, 1, 10, 1]
689: [3, 4, 3, 3, 0, 2]
690: [4, 2, 9, 10, 5, 1]
691: [0, 6, 8, 2, 3, 1]
692: [2, 1, 9, 8, 9, 2]
693: [1, 9, 3, 10, 1, 2]
694: [4, 7, 4, 7, 1, 1]
695: [7, 5, 5, 3, 10, 2]
696: [9, 2, 3, 0, 2, 2]
697: [0, 2, 9, 1, 10, 2]
698: [4, 5, 9, 1, 8, 1]
699: [8, 2, 1, 8, 9, 1]
700: [10, 9, 7, 9, 5, 2]
701: [5, 4, 1, 1, 3, 1]
702: [4, 5, 2, 3, 5, 1]
703: [0, 2, 7, 2, 5, 2]
704: [1, 6, 4, 7, 5, 1]
705: [3, 1, 4, 8, 2, 2]
706: [8, 4, 2, 6, 10, 2]
707: [3, 8, 0, 4, 8, 2]
708: [7, 3, 2, 5, 7, 1]
709: [6, 5, 8, 6, 6, 2]
710: [0, 4, 7, 2, 1, 2]
711: [1, 7, 7, 9, 4, 1]
712: [4, 4, 6, 5, 8, 2]
713: [4, 7, 2, 9, 7, 1]
714: [4, 4, 8, 8, 2, 1]
715: [9, 2, 9, 6, 4, 2]
716: [6, 1, 0, 3, 9, 2]
717: [9, 6, 0, 4, 5, 2]
718: [1, 9, 1, 4, 1, 2]
719: [6, 0, 6, 3, 1, 1]
720: [9, 6, 3, 5, 4, 2]
721: [0, 3, 10, 8, 5, 1]
722: [8, 10, 3, 2, 4, 1]
723: [4, 4, 0, 3, 5, 1]
724: [9, 2, 2, 9, 3, 2]
725: [8, 0, 2, 4, 10, 1]
726: [8, 5, 9, 0, 0, 1]
727: [10, 8, 1, 7, 2, 2]
728: [6, 10, 3, 4, 10, 1]
729: [6, 2, 2, 7, 9, 2]
730: [4, 9, 9, 1, 5, 2]
731: [8, 9, 3, 5, 5, 2]
732: [6, 1, 1, 9, 1, 2]
733: [7, 4, 9, 6, 0, 1]
734: [3, 5, 4, 6, 7, 1]
735: [8, 9, 7, 0, 3, 2]
736: [3, 1, 4, 0, 0, 1]
737: [6, 0, 4, 5, 8, 1]
738: [4, 9, 6, 10, 7, 2]
739: [5, 1, 10, 1, 5, 1]
740: [10, 4, 2, 1, 10, 2]
741: [5, 0, 3, 0, 9, 2]
742: [6, 1, 1, 6, 6, 1]
743: [5, 3, 9, 7, 6, 1]
744: [10, 1, 3, 2, 1, 1]
745: [6, 2, 7, 1, 9, 1]
746: [2, 3, 4, 4, 7, 2]
747: [5, 0, 3, 0, 8, 2]
748: [2, 7, 0, 6, 9, 2]
749: [1, 7, 3, 6, 10, 2]
750: [10, 10, 7, 0, 8, 2]
751: [10, 3, 6, 8, 2, 2]
752: [1, 0, 9, 2, 10, 1]
753: [8, 3, 7, 10, 8, 1]
754: [5, 1, 5, 0, 0, 2]
755: [8, 5, 3, 7, 8, 2]
756: [8, 3, 0, 1, 2, 1]
757: [1, 4, 9, 10, 0, 2]
758: [2, 3, 6, 3, 8, 2]
759: [10, 8, 9, 0, 1, 2]
760: [0, 1, 8, 3, 8, 1]
761: [6, 3, 8, 4, 2, 2]
762: [6, 5, 2, 0, 10, 1]
763: [8, 9, 8, 2, 7, 1]
764: [0, 2, 3, 10, 4, 2]
765: [9, 4, 6, 1, 7, 1]
766: [10, 1, 0, 10, 9, 1]
767: [8, 7, 4, 1, 5, 2]
768: [4, 3, 10, 4, 1, 1]
769: [1, 7, 4, 4, 9, 1]
770: [1, 7, 6, 1, 10, 2]
771: [2, 7, 9, 2, 5, 2]
772: [0, 1, 5, 8, 1, 2]
773: [2, 3, 1, 3, 2, 1]
774: [7, 9, 0, 4, 8, 2]
775: [10, 9, 2, 2, 10, 2]
776: [2, 0, 0, 1, 2, 1]
777: [5, 8, 9, 7, 0, 1]
778: [4, 7, 1, 2, 0, 1]
779: [1, 2, 6, 7, 6, 2]
780: [7, 8, 9, 5, 5, 2]
781: [6, 5, 9, 2, 8, 1]
782: [6, 1, 8, 6, 2, 1]
783: [8, 3, 5, 10, 0, 1]
784: [3, 4, 10, 6, 2, 1]
785: [10, 4, 8, 10, 7, 2]
786: [8, 0, 10, 2, 7, 2]
787: [9, 10, 1, 1, 1, 1]
788: [4, 3, 5, 9, 4, 2]
789: [8, 5, 7, 9, 3, 1]
790: [9, 3, 2, 9, 8, 1]
791: [5, 10, 6, 6, 7, 1]
792: [4, 2, 7, 9, 1, 2]
793: [9, 9, 2, 9, 6, 1]
794: [3, 10, 3, 4, 1, 2]
795: [9, 6, 7, 1, 9, 1]
796: [8, 10, 2, 8, 1, 2]
797: [0, 0, 0, 10, 1, 2]
798: [7, 7, 7, 5, 9, 2]
799: [3, 5, 10, 7, 2, 1]
800: [5, 8, 9, 9, 3, 2]
801: [6, 8, 6, 2, 2, 2]
802: [1, 0, 0, 0, 10, 1]
803: [1, 4, 1, 4, 8, 2]
804: [10, 5, 0, 3, 5, 1]
805: [10, 5, 5, 1, 1, 2]
806: [3, 4, 1, 6, 4, 2]
807: [10, 2, 3, 1, 8, 2]
808: [10, 5, 3, 4, 4, 1]
809: [9, 6, 2, 0, 1, 2]
810: [2, 9, 1, 6, 0, 2]
811: [6, 3, 7, 9, 1, 2]
812: [6, 8, 0, 4, 0, 2]
813: [7, 2, 0, 5, 0, 2]
814: [1, 5, 5, 5, 2, 1]
815: [4, 10, 10, 3, 1, 1]
816: [7, 7, 7, 8, 6, 1]
817: [8, 10, 10, 4, 5, 1]
818: [6, 1, 5, 2, 7, 2]
819: [9, 8, 4, 8, 5, 1]
820: [8, 10, 9, 1, 2, 2]
821: [4, 0, 5, 3, 7, 1]
822: [4, 6, 8, 4, 8, 2]
823: [3, 10, 10, 8, 7, 2]
824: [7, 7, 9, 6, 0, 1]
825: [2, 1, 6, 5, 0, 1]
826: [0, 0, 2, 4, 6, 2]
827: [10, 0, 2, 5, 7, 2]
828: [10, 9, 8, 3, 9, 2]
829: [9, 2, 6, 3, 3, 2]
830: [6, 7, 9, 9, 5, 1]
831: [10, 2, 8, 10, 8, 1]
832: [0, 2, 4, 0, 7, 1]
833: [6, 5, 3, 5, 5, 2]
834: [1, 4, 1, 6, 9, 1]
835: [3, 8, 3, 4, 2, 1]
836: [5, 1, 4, 6, 0, 2]
837: [6, 0, 3, 3, 10, 2]
838: [5, 5, 0, 7, 0, 2]
839: [6, 6, 6, 7, 8, 2]
840: [1, 7, 4, 6, 6, 2]
841: [9, 4, 3, 1, 6, 2]
842: [9, 9, 5, 9, 1, 2]
843: [9, 9, 4, 5, 4, 1]
844: [1, 6, 2, 9, 1, 1]
845: [4, 7, 4, 4, 10, 1]
846: [3, 7, 3, 9, 10, 2]
847: [0, 5, 9, 8, 5, 1]
848: [2, 0, 2, 9, 2, 2]
849: [3, 10, 3, 2, 2, 1]
850: [8, 3, 8, 10, 4, 2]
851: [1, 10, 10, 9, 4, 1]
852: [6, 10, 8, 2, 8, 2]
853: [1, 10, 9, 7, 9, 1]
854: [6, 4, 4, 8, 3, 1]
855: [10, 10, 3, 5, 7, 2]
856: [3, 3, 7, 6, 4, 1]
857: [5, 8, 7, 7, 0, 1]
858: [9, 8, 9, 10, 0, 2]
859: [5, 9, 1, 8, 2, 1]
860: [1, 7, 9, 7, 7, 2]
861: [10, 6, 4, 5, 1, 2]
862: [1, 8, 7, 1, 0, 2]
863: [9, 6, 6, 1, 5, 1]
864: [3, 1, 0, 2, 2, 2]
865: [0, 9, 0, 8, 9, 1]
866: [6, 4, 1, 0, 10, 2]
867: [2, 10, 6, 0, 3, 1]
868: [10, 5, 8, 6, 8, 2]
869: [6, 8, 5, 9, 2, 2]
870: [8, 7, 2, 2, 6, 1]
871: [2, 3, 8, 1, 5, 2]
872: [4, 3, 4, 1, 6, 2]
873: [4, 7, 6, 3, 5, 2]
874: [7, 7, 10, 4, 9, 2]
875: [1, 1, 10, 3, 2, 1]
876: [7, 5, 0, 1, 0, 1]
877: [2, 7, 1, 9, 4, 1]
878: [0, 8, 5, 0, 6, 1]
879: [0, 7, 9, 5, 1, 2]
880: [8, 6, 3, 3, 5, 2]
881: [4, 5, 8, 0, 5, 1]
882: [4, 10, 6, 6, 8, 2]
883: [1, 3, 8, 5, 3, 1]
884: [5, 9, 3, 1, 9, 2]
885: [6, 4, 3, 8, 5, 2]
886: [0, 0, 7, 8, 9, 1]
887: [6, 8, 6, 3, 6, 2]
888: [2, 7, 7, 4, 9, 1]
889: [0, 1, 9, 10, 9, 1]
890: [0, 10, 7, 8, 5, 1]
891: [9, 5, 4, 7, 3, 1]
892: [8, 10, 3, 6, 0, 1]
893: [10, 6, 7, 2, 1, 1]
894: [2, 5, 1, 7, 1, 2]
895: [6, 2, 5, 1, 6, 2]
896: [4, 4, 4, 5, 2, 2]
897: [8, 1, 0, 10, 9, 2]
898: [10, 10, 10, 8, 0, 2]
899: [0, 10, 0, 3, 4, 2]
900: [6, 8, 1, 8, 3, 2]
901: [7, 4, 8, 8, 3, 1]
902: [7, 3, 0, 3, 6, 2]
903: [4, 5, 0, 8, 1, 2]
904: [6, 2, 0, 4, 1, 1]
905: [5, 8, 5, 0, 2, 2]
906: [4, 6, 8, 7, 5, 1]
907: [9, 7, 2, 0, 10, 1]
908: [4, 2, 9, 9, 3, 1]
909: [8, 3, 10, 7, 8, 1]
910: [1, 6, 3, 0, 9, 2]
911: [9, 3, 8, 3, 8, 2]
912: [9, 4, 4, 8, 6, 1]
913: [0, 9, 6, 9, 9, 2]
914: [1, 0, 7, 10, 9, 2]
915: [4, 8, 3, 4, 0, 2]
916: [6, 9, 4, 7, 1, 2]
917: [7, 9, 1, 10, 7, 1]
918: [7, 10, 0, 10, 0, 2]
919: [1, 8, 8, 5, 10, 2]
920: [2, 7, 0, 0, 10, 2]
921: [5, 6, 4, 2, 6, 1]
922: [9, 0, 9, 7, 3, 2]
923: [6, 2, 1, 6, 10, 1]
924: [9, 8, 1, 5, 8, 1]
925: [3, 1, 8, 3, 6, 2]
926: [9, 2, 6, 6, 7, 1]
927: [6, 0, 3, 3, 2, 1]
928: [10, 9, 4, 8, 3, 2]
929: [7, 0, 1, 8, 7, 1]
930: [4, 8, 2, 10, 8, 1]
931: [0, 9, 1, 7, 7, 2]
932: [7, 8, 1, 10, 6, 1]
933: [8, 8, 8, 9, 1, 2]
934: [2, 8, 3, 2, 9, 2]
935: [10, 0, 8, 9, 10, 1]
936: [5, 8, 8, 1, 5, 1]
937: [3, 3, 1, 7, 3, 2]
938: [6, 7, 7, 4, 5, 2]
939: [3, 1, 6, 6, 8, 2]
940: [0, 3, 10, 1, 4, 1]
941: [6, 0, 8, 7, 8, 1]
942: [0, 6, 10, 3, 6, 1]
943: [9, 2, 1, 10, 5, 2]
944: [10, 7, 1, 0, 9, 2]
945: [4, 5, 5, 8, 5, 2]
946: [7, 5, 1, 5, 4, 1]
947: [4, 5, 0, 0, 4, 2]
948: [5, 1, 4, 8, 0, 1]
949: [1, 0, 5, 6, 4, 1]
950: [9, 0, 3, 8, 0, 1]
951: [1, 2, 3, 7, 7, 1]
952: [3, 1, 10, 5, 8, 1]
953: [9, 0, 2, 9, 9, 1]
954: [4, 10, 0, 9, 0, 1]
955: [0, 0, 8, 2, 5, 2]
956: [0, 3, 9, 9, 6, 2]
957: [6, 8, 9, 8, 0, 1]
958: [8, 8, 2, 8, 4, 1]
959: [4, 5, 3, 0, 4, 1]
960: [2, 4, 3, 7, 4, 1]
961: [7, 2, 7, 3, 7, 1]
962: [4, 7, 3, 10, 9, 1]
963: [3, 5, 8, 3, 1, 2]
964: [5, 3, 6, 8, 2, 2]
965: [1, 8, 1, 3, 9, 1]
966: [6, 6, 1, 9, 5, 2]
967: [5, 1, 10, 6, 3, 2]
968: [3, 1, 9, 10, 4, 1]
969: [3, 9, 0, 7, 7, 2]
970: [8, 3, 5, 1, 9, 2]
971: [6, 1, 4, 3, 7, 2]
972: [8, 1, 4, 0, 1, 1]
973: [7, 6, 0, 4, 2, 2]
974: [4, 2, 9, 6, 7, 2]
975: [0, 5, 7, 9, 8, 1]
976: [7, 6, 9, 5, 6, 1]
977: [1, 1, 7, 0, 3, 2]
978: [2, 8, 2, 6, 9, 1]
979: [3, 4, 8, 10, 3, 1]
980: [0, 8, 8, 7, 2, 2]
981: [10, 1, 0, 2, 9, 2]
982: [2, 10, 10, 8, 8, 1]
983: [9, 5, 1, 7, 3, 2]
984: [2, 5, 0, 3, 6, 2]
985: [8, 4, 9, 0, 3, 2]
986: [8, 7, 6, 1, 10, 1]
987: [0, 0, 8, 7, 6, 1]
988: [2, 9, 5, 7, 1, 1]
989: [3, 1, 5, 6, 5, 1]
990: [1, 7, 4, 1, 8, 2]
991: [0, 8, 2, 5, 4, 1]
992: [10, 9, 2, 2, 0, 2]
993: [6, 2, 8, 3, 5, 1]
994: [9, 4, 4, 6, 5, 2]
995: [5, 1, 9, 10, 5, 2]
996: [5, 0, 3, 1, 7, 2]
997: [9, 4, 2, 5, 5, 1]
998: [3, 4, 9, 2, 10, 2]
999: [6, 1, 3, 0, 4, 1]
1000: [3, 6, 1, 5, 0, 1]
